(kicad_pcb (version 20171130) (host pcbnew "(5.0.1)-rc2")

  (general
    (thickness 1.6)
    (drawings 61)
    (tracks 666)
    (zones 0)
    (modules 56)
    (nets 126)
  )

  (page A4)
  (layers
    (0 F.Cu signal)
    (31 B.Cu signal)
    (32 B.Adhes user)
    (33 F.Adhes user)
    (34 B.Paste user)
    (35 F.Paste user)
    (36 B.SilkS user)
    (37 F.SilkS user)
    (38 B.Mask user)
    (39 F.Mask user)
    (40 Dwgs.User user)
    (41 Cmts.User user)
    (42 Eco1.User user)
    (43 Eco2.User user)
    (44 Edge.Cuts user)
    (45 Margin user)
    (46 B.CrtYd user hide)
    (47 F.CrtYd user hide)
    (48 B.Fab user)
    (49 F.Fab user hide)
  )

  (setup
    (last_trace_width 0.25)
    (trace_clearance 0.2)
    (zone_clearance 0.508)
    (zone_45_only no)
    (trace_min 0.2)
    (segment_width 0.2)
    (edge_width 0.15)
    (via_size 0.8)
    (via_drill 0.4)
    (via_min_size 0.4)
    (via_min_drill 0.3)
    (uvia_size 0.3)
    (uvia_drill 0.1)
    (uvias_allowed no)
    (uvia_min_size 0.2)
    (uvia_min_drill 0.1)
    (pcb_text_width 0.3)
    (pcb_text_size 1.5 1.5)
    (mod_edge_width 0.15)
    (mod_text_size 1 1)
    (mod_text_width 0.15)
    (pad_size 1.524 1.524)
    (pad_drill 0.762)
    (pad_to_mask_clearance 0.051)
    (solder_mask_min_width 0.25)
    (aux_axis_origin 0 0)
    (grid_origin 219.71 45.595)
    (visible_elements 7FFFFFFF)
    (pcbplotparams
      (layerselection 0x010fc_ffffffff)
      (usegerberextensions false)
      (usegerberattributes false)
      (usegerberadvancedattributes false)
      (creategerberjobfile false)
      (excludeedgelayer true)
      (linewidth 0.100000)
      (plotframeref false)
      (viasonmask false)
      (mode 1)
      (useauxorigin false)
      (hpglpennumber 1)
      (hpglpenspeed 20)
      (hpglpendiameter 15.000000)
      (psnegative false)
      (psa4output false)
      (plotreference true)
      (plotvalue true)
      (plotinvisibletext false)
      (padsonsilk false)
      (subtractmaskfromsilk false)
      (outputformat 1)
      (mirror false)
      (drillshape 0)
      (scaleselection 1)
      (outputdirectory "grb/"))
  )

  (net 0 "")
  (net 1 +3V3)
  (net 2 /SONAR_I2C_SCL)
  (net 3 /SONAR_I2C_SDA)
  (net 4 /I2C_RES_SCL)
  (net 5 /I2C_RES_SDA)
  (net 6 "Net-(Q2-Pad1)")
  (net 7 GND)
  (net 8 /FET1)
  (net 9 "Net-(Q1-Pad1)")
  (net 10 /MET2)
  (net 11 "Net-(J8-Pad2)")
  (net 12 "Net-(J6-Pad2)")
  (net 13 /SOAR_UART_RX_S1)
  (net 14 /ESP_RX3)
  (net 15 "Net-(U2-Pad4)")
  (net 16 "Net-(U2-Pad5)")
  (net 17 "Net-(U2-Pad6)")
  (net 18 "Net-(U2-Pad7)")
  (net 19 "Net-(U2-Pad9)")
  (net 20 "Net-(U2-Pad10)")
  (net 21 "Net-(U2-Pad11)")
  (net 22 "Net-(U2-Pad12)")
  (net 23 "Net-(U2-Pad13)")
  (net 24 "Net-(U2-Pad14)")
  (net 25 "Net-(U2-Pad15)")
  (net 26 "Net-(U2-Pad17)")
  (net 27 "Net-(U2-Pad18)")
  (net 28 "Net-(U2-Pad23)")
  (net 29 +5V)
  (net 30 "Net-(U2-Pad25)")
  (net 31 "Net-(U2-Pad26)")
  (net 32 "Net-(U2-Pad27)")
  (net 33 /RX_LIDAR)
  (net 34 "Net-(U2-Pad29)")
  (net 35 /Sense)
  (net 36 "Net-(U2-Pad31)")
  (net 37 "Net-(U2-Pad33)")
  (net 38 /MPU_INT)
  (net 39 /ENC1)
  (net 40 /ENC2)
  (net 41 "Net-(U2-Pad39)")
  (net 42 /M_EN)
  (net 43 /M_SCRT)
  (net 44 "Net-(U2-Pad43)")
  (net 45 /SONAR_UART_TX_S2)
  (net 46 "Net-(U2-Pad45)")
  (net 47 "Net-(U2-Pad46)")
  (net 48 "Net-(U2-Pad48)")
  (net 49 "Net-(U2-Pad49)")
  (net 50 "Net-(U2-Pad50)")
  (net 51 /ESC_PWM)
  (net 52 /IN2B)
  (net 53 /SONAR_INT1)
  (net 54 "Net-(U2-Pad55)")
  (net 55 "Net-(U2-Pad56)")
  (net 56 /DEV_EN)
  (net 57 /IN2A)
  (net 58 "Net-(D5-Pad2)")
  (net 59 /IN1A)
  (net 60 "Net-(D4-Pad2)")
  (net 61 /SON1)
  (net 62 "Net-(U2-Pad65)")
  (net 63 /SON2)
  (net 64 "Net-(U2-Pad67)")
  (net 65 /SONAR_RESERVE_S3)
  (net 66 "Net-(U2-Pad69)")
  (net 67 /IN1B)
  (net 68 /ESP_RX1)
  (net 69 "Net-(U2-Pad74)")
  (net 70 /ESP_TX1)
  (net 71 "Net-(U2-Pad76)")
  (net 72 "Net-(D1-Pad2)")
  (net 73 "Net-(D3-Pad2)")
  (net 74 "Net-(D2-Pad2)")
  (net 75 /ESP_TX2)
  (net 76 /ESP_RX2)
  (net 77 /ESP_TX3)
  (net 78 "Net-(J6-Pad1)")
  (net 79 "Net-(J8-Pad1)")
  (net 80 /SOAR_UART_RX)
  (net 81 "Net-(ESP1-Pad1)")
  (net 82 "Net-(ESP1-Pad2)")
  (net 83 "Net-(ESP1-Pad3)")
  (net 84 "Net-(ESP1-Pad4)")
  (net 85 "Net-(ESP1-Pad5)")
  (net 86 "Net-(ESP1-Pad6)")
  (net 87 "Net-(ESP1-Pad10)")
  (net 88 "Net-(ESP1-Pad11)")
  (net 89 "Net-(ESP1-Pad12)")
  (net 90 "Net-(ESP1-Pad13)")
  (net 91 "Net-(ESP1-Pad14)")
  (net 92 "Net-(ESP1-Pad15)")
  (net 93 "Net-(ESP1-Pad16)")
  (net 94 "Net-(ESP1-Pad17)")
  (net 95 "Net-(ESP1-Pad18)")
  (net 96 "Net-(ESP2-Pad18)")
  (net 97 "Net-(ESP2-Pad17)")
  (net 98 "Net-(ESP2-Pad15)")
  (net 99 "Net-(ESP2-Pad12)")
  (net 100 "Net-(ESP2-Pad11)")
  (net 101 "Net-(ESP2-Pad10)")
  (net 102 "Net-(ESP2-Pad6)")
  (net 103 "Net-(ESP2-Pad5)")
  (net 104 "Net-(ESP2-Pad3)")
  (net 105 "Net-(ESP2-Pad2)")
  (net 106 "Net-(ESP2-Pad1)")
  (net 107 "Net-(MPU1-Pad5)")
  (net 108 "Net-(MPU1-Pad6)")
  (net 109 "Net-(MPU1-Pad7)")
  (net 110 "Net-(MPU1-Pad9)")
  (net 111 "Net-(MPU1-Pad10)")
  (net 112 "Net-(LIDAR1-Pad8)")
  (net 113 /ADC_BATT1)
  (net 114 "Net-(QPNP1-Pad1)")
  (net 115 "Net-(QPNP2-Pad2)")
  (net 116 "Net-(QNPN2-Pad3)")
  (net 117 "Net-(QNPN1-Pad3)")
  (net 118 "Net-(QPNP1-Pad2)")
  (net 119 "Net-(QNPN2-Pad2)")
  (net 120 /BATT_EN)
  (net 121 "Net-(QNPN1-Pad2)")
  (net 122 "Net-(QPNP2-Pad1)")
  (net 123 /ADC_BATT2)
  (net 124 "Net-(JBattery1-Pad2)")
  (net 125 "Net-(JBattery1-Pad1)")

  (net_class Default "Dies ist die voreingestellte Netzklasse."
    (clearance 0.2)
    (trace_width 0.25)
    (via_dia 0.8)
    (via_drill 0.4)
    (uvia_dia 0.3)
    (uvia_drill 0.1)
    (add_net /ADC_BATT1)
    (add_net /ADC_BATT2)
    (add_net /BATT_EN)
    (add_net /DEV_EN)
    (add_net /ENC1)
    (add_net /ENC2)
    (add_net /ESC_PWM)
    (add_net /ESP_RX1)
    (add_net /ESP_RX2)
    (add_net /ESP_RX3)
    (add_net /ESP_TX1)
    (add_net /ESP_TX2)
    (add_net /ESP_TX3)
    (add_net /FET1)
    (add_net /I2C_RES_SCL)
    (add_net /I2C_RES_SDA)
    (add_net /IN1A)
    (add_net /IN1B)
    (add_net /IN2A)
    (add_net /IN2B)
    (add_net /MET2)
    (add_net /MPU_INT)
    (add_net /M_EN)
    (add_net /M_SCRT)
    (add_net /RX_LIDAR)
    (add_net /SOAR_UART_RX)
    (add_net /SOAR_UART_RX_S1)
    (add_net /SON1)
    (add_net /SON2)
    (add_net /SONAR_I2C_SCL)
    (add_net /SONAR_I2C_SDA)
    (add_net /SONAR_INT1)
    (add_net /SONAR_RESERVE_S3)
    (add_net /SONAR_UART_TX_S2)
    (add_net /Sense)
    (add_net GND)
    (add_net "Net-(D1-Pad2)")
    (add_net "Net-(D2-Pad2)")
    (add_net "Net-(D3-Pad2)")
    (add_net "Net-(D4-Pad2)")
    (add_net "Net-(D5-Pad2)")
    (add_net "Net-(ESP1-Pad1)")
    (add_net "Net-(ESP1-Pad10)")
    (add_net "Net-(ESP1-Pad11)")
    (add_net "Net-(ESP1-Pad12)")
    (add_net "Net-(ESP1-Pad13)")
    (add_net "Net-(ESP1-Pad14)")
    (add_net "Net-(ESP1-Pad15)")
    (add_net "Net-(ESP1-Pad16)")
    (add_net "Net-(ESP1-Pad17)")
    (add_net "Net-(ESP1-Pad18)")
    (add_net "Net-(ESP1-Pad2)")
    (add_net "Net-(ESP1-Pad3)")
    (add_net "Net-(ESP1-Pad4)")
    (add_net "Net-(ESP1-Pad5)")
    (add_net "Net-(ESP1-Pad6)")
    (add_net "Net-(ESP2-Pad1)")
    (add_net "Net-(ESP2-Pad10)")
    (add_net "Net-(ESP2-Pad11)")
    (add_net "Net-(ESP2-Pad12)")
    (add_net "Net-(ESP2-Pad15)")
    (add_net "Net-(ESP2-Pad17)")
    (add_net "Net-(ESP2-Pad18)")
    (add_net "Net-(ESP2-Pad2)")
    (add_net "Net-(ESP2-Pad3)")
    (add_net "Net-(ESP2-Pad5)")
    (add_net "Net-(ESP2-Pad6)")
    (add_net "Net-(J6-Pad1)")
    (add_net "Net-(J6-Pad2)")
    (add_net "Net-(J8-Pad1)")
    (add_net "Net-(J8-Pad2)")
    (add_net "Net-(JBattery1-Pad1)")
    (add_net "Net-(JBattery1-Pad2)")
    (add_net "Net-(LIDAR1-Pad8)")
    (add_net "Net-(MPU1-Pad10)")
    (add_net "Net-(MPU1-Pad5)")
    (add_net "Net-(MPU1-Pad6)")
    (add_net "Net-(MPU1-Pad7)")
    (add_net "Net-(MPU1-Pad9)")
    (add_net "Net-(Q1-Pad1)")
    (add_net "Net-(Q2-Pad1)")
    (add_net "Net-(QNPN1-Pad2)")
    (add_net "Net-(QNPN1-Pad3)")
    (add_net "Net-(QNPN2-Pad2)")
    (add_net "Net-(QNPN2-Pad3)")
    (add_net "Net-(QPNP1-Pad1)")
    (add_net "Net-(QPNP1-Pad2)")
    (add_net "Net-(QPNP2-Pad1)")
    (add_net "Net-(QPNP2-Pad2)")
    (add_net "Net-(U2-Pad10)")
    (add_net "Net-(U2-Pad11)")
    (add_net "Net-(U2-Pad12)")
    (add_net "Net-(U2-Pad13)")
    (add_net "Net-(U2-Pad14)")
    (add_net "Net-(U2-Pad15)")
    (add_net "Net-(U2-Pad17)")
    (add_net "Net-(U2-Pad18)")
    (add_net "Net-(U2-Pad23)")
    (add_net "Net-(U2-Pad25)")
    (add_net "Net-(U2-Pad26)")
    (add_net "Net-(U2-Pad27)")
    (add_net "Net-(U2-Pad29)")
    (add_net "Net-(U2-Pad31)")
    (add_net "Net-(U2-Pad33)")
    (add_net "Net-(U2-Pad39)")
    (add_net "Net-(U2-Pad4)")
    (add_net "Net-(U2-Pad43)")
    (add_net "Net-(U2-Pad45)")
    (add_net "Net-(U2-Pad46)")
    (add_net "Net-(U2-Pad48)")
    (add_net "Net-(U2-Pad49)")
    (add_net "Net-(U2-Pad5)")
    (add_net "Net-(U2-Pad50)")
    (add_net "Net-(U2-Pad55)")
    (add_net "Net-(U2-Pad56)")
    (add_net "Net-(U2-Pad6)")
    (add_net "Net-(U2-Pad65)")
    (add_net "Net-(U2-Pad67)")
    (add_net "Net-(U2-Pad69)")
    (add_net "Net-(U2-Pad7)")
    (add_net "Net-(U2-Pad74)")
    (add_net "Net-(U2-Pad76)")
    (add_net "Net-(U2-Pad9)")
  )

  (net_class 3v3 ""
    (clearance 0.2)
    (trace_width 0.7)
    (via_dia 0.8)
    (via_drill 0.4)
    (uvia_dia 0.3)
    (uvia_drill 0.1)
    (add_net +3V3)
    (add_net +5V)
  )

  (module MountingHole:MountingHole_3.2mm_M3 (layer F.Cu) (tedit 56D1B4CB) (tstamp 5DF9547F)
    (at 152.7302 36.5018)
    (descr "Mounting Hole 3.2mm, no annular, M3")
    (tags "mounting hole 3.2mm no annular m3")
    (path /5DF29D00)
    (attr virtual)
    (fp_text reference H2 (at 0 -4.2) (layer F.SilkS)
      (effects (font (size 1 1) (thickness 0.15)))
    )
    (fp_text value MountingHole (at 0 4.2) (layer F.Fab)
      (effects (font (size 1 1) (thickness 0.15)))
    )
    (fp_circle (center 0 0) (end 3.45 0) (layer F.CrtYd) (width 0.05))
    (fp_circle (center 0 0) (end 3.2 0) (layer Cmts.User) (width 0.15))
    (fp_text user %R (at 0.3 0) (layer F.Fab)
      (effects (font (size 1 1) (thickness 0.15)))
    )
    (pad 1 np_thru_hole circle (at 0 0) (size 3.2 3.2) (drill 3.2) (layers *.Cu *.Mask))
  )

  (module Resistor_SMD:R_0805_2012Metric_Pad1.15x1.40mm_HandSolder (layer F.Cu) (tedit 5B36C52B) (tstamp 5DF923E2)
    (at 93.3196 38.991 90)
    (descr "Resistor SMD 0805 (2012 Metric), square (rectangular) end terminal, IPC_7351 nominal with elongated pad for handsoldering. (Body size source: https://docs.google.com/spreadsheets/d/1BsfQQcO9C6DZCsRaXUlFlo91Tg2WpOkGARC1WS5S8t0/edit?usp=sharing), generated with kicad-footprint-generator")
    (tags "resistor handsolder")
    (path /5E1CC4D6)
    (attr smd)
    (fp_text reference R16 (at 0.0254 1.6002 90) (layer F.SilkS)
      (effects (font (size 1 1) (thickness 0.15)))
    )
    (fp_text value 10k (at 0 1.65 90) (layer F.Fab)
      (effects (font (size 1 1) (thickness 0.15)))
    )
    (fp_line (start -1 0.6) (end -1 -0.6) (layer F.Fab) (width 0.1))
    (fp_line (start -1 -0.6) (end 1 -0.6) (layer F.Fab) (width 0.1))
    (fp_line (start 1 -0.6) (end 1 0.6) (layer F.Fab) (width 0.1))
    (fp_line (start 1 0.6) (end -1 0.6) (layer F.Fab) (width 0.1))
    (fp_line (start -0.261252 -0.71) (end 0.261252 -0.71) (layer F.SilkS) (width 0.12))
    (fp_line (start -0.261252 0.71) (end 0.261252 0.71) (layer F.SilkS) (width 0.12))
    (fp_line (start -1.85 0.95) (end -1.85 -0.95) (layer F.CrtYd) (width 0.05))
    (fp_line (start -1.85 -0.95) (end 1.85 -0.95) (layer F.CrtYd) (width 0.05))
    (fp_line (start 1.85 -0.95) (end 1.85 0.95) (layer F.CrtYd) (width 0.05))
    (fp_line (start 1.85 0.95) (end -1.85 0.95) (layer F.CrtYd) (width 0.05))
    (fp_text user %R (at 0 0 90) (layer F.Fab)
      (effects (font (size 0.5 0.5) (thickness 0.08)))
    )
    (pad 1 smd roundrect (at -1.025 0 90) (size 1.15 1.4) (layers F.Cu F.Paste F.Mask) (roundrect_rratio 0.217391)
      (net 7 GND))
    (pad 2 smd roundrect (at 1.025 0 90) (size 1.15 1.4) (layers F.Cu F.Paste F.Mask) (roundrect_rratio 0.217391)
      (net 123 /ADC_BATT2))
    (model ${KISYS3DMOD}/Resistor_SMD.3dshapes/R_0805_2012Metric.wrl
      (at (xyz 0 0 0))
      (scale (xyz 1 1 1))
      (rotate (xyz 0 0 0))
    )
  )

  (module Capacitor_SMD:C_0805_2012Metric_Pad1.15x1.40mm_HandSolder (layer F.Cu) (tedit 5B36C52B) (tstamp 5DF8E184)
    (at 96.52 34.555 90)
    (descr "Capacitor SMD 0805 (2012 Metric), square (rectangular) end terminal, IPC_7351 nominal with elongated pad for handsoldering. (Body size source: https://docs.google.com/spreadsheets/d/1BsfQQcO9C6DZCsRaXUlFlo91Tg2WpOkGARC1WS5S8t0/edit?usp=sharing), generated with kicad-footprint-generator")
    (tags "capacitor handsolder")
    (path /5E4BC964)
    (attr smd)
    (fp_text reference C2 (at -0.245 1.905 90) (layer F.SilkS)
      (effects (font (size 1 1) (thickness 0.15)))
    )
    (fp_text value C (at 0 1.65 90) (layer F.Fab)
      (effects (font (size 1 1) (thickness 0.15)))
    )
    (fp_text user %R (at 0 0 90) (layer F.Fab)
      (effects (font (size 0.5 0.5) (thickness 0.08)))
    )
    (fp_line (start 1.85 0.95) (end -1.85 0.95) (layer F.CrtYd) (width 0.05))
    (fp_line (start 1.85 -0.95) (end 1.85 0.95) (layer F.CrtYd) (width 0.05))
    (fp_line (start -1.85 -0.95) (end 1.85 -0.95) (layer F.CrtYd) (width 0.05))
    (fp_line (start -1.85 0.95) (end -1.85 -0.95) (layer F.CrtYd) (width 0.05))
    (fp_line (start -0.261252 0.71) (end 0.261252 0.71) (layer F.SilkS) (width 0.12))
    (fp_line (start -0.261252 -0.71) (end 0.261252 -0.71) (layer F.SilkS) (width 0.12))
    (fp_line (start 1 0.6) (end -1 0.6) (layer F.Fab) (width 0.1))
    (fp_line (start 1 -0.6) (end 1 0.6) (layer F.Fab) (width 0.1))
    (fp_line (start -1 -0.6) (end 1 -0.6) (layer F.Fab) (width 0.1))
    (fp_line (start -1 0.6) (end -1 -0.6) (layer F.Fab) (width 0.1))
    (pad 2 smd roundrect (at 1.025 0 90) (size 1.15 1.4) (layers F.Cu F.Paste F.Mask) (roundrect_rratio 0.217391)
      (net 7 GND))
    (pad 1 smd roundrect (at -1.025 0 90) (size 1.15 1.4) (layers F.Cu F.Paste F.Mask) (roundrect_rratio 0.217391)
      (net 113 /ADC_BATT1))
    (model ${KISYS3DMOD}/Capacitor_SMD.3dshapes/C_0805_2012Metric.wrl
      (at (xyz 0 0 0))
      (scale (xyz 1 1 1))
      (rotate (xyz 0 0 0))
    )
  )

  (module Capacitor_SMD:C_0805_2012Metric_Pad1.15x1.40mm_HandSolder (layer F.Cu) (tedit 5B36C52B) (tstamp 5DF8E173)
    (at 96.52 39 270)
    (descr "Capacitor SMD 0805 (2012 Metric), square (rectangular) end terminal, IPC_7351 nominal with elongated pad for handsoldering. (Body size source: https://docs.google.com/spreadsheets/d/1BsfQQcO9C6DZCsRaXUlFlo91Tg2WpOkGARC1WS5S8t0/edit?usp=sharing), generated with kicad-footprint-generator")
    (tags "capacitor handsolder")
    (path /5E4BCAEF)
    (attr smd)
    (fp_text reference C3 (at 0 -1.65 270) (layer F.SilkS)
      (effects (font (size 1 1) (thickness 0.15)))
    )
    (fp_text value C (at 0 1.65 270) (layer F.Fab)
      (effects (font (size 1 1) (thickness 0.15)))
    )
    (fp_line (start -1 0.6) (end -1 -0.6) (layer F.Fab) (width 0.1))
    (fp_line (start -1 -0.6) (end 1 -0.6) (layer F.Fab) (width 0.1))
    (fp_line (start 1 -0.6) (end 1 0.6) (layer F.Fab) (width 0.1))
    (fp_line (start 1 0.6) (end -1 0.6) (layer F.Fab) (width 0.1))
    (fp_line (start -0.261252 -0.71) (end 0.261252 -0.71) (layer F.SilkS) (width 0.12))
    (fp_line (start -0.261252 0.71) (end 0.261252 0.71) (layer F.SilkS) (width 0.12))
    (fp_line (start -1.85 0.95) (end -1.85 -0.95) (layer F.CrtYd) (width 0.05))
    (fp_line (start -1.85 -0.95) (end 1.85 -0.95) (layer F.CrtYd) (width 0.05))
    (fp_line (start 1.85 -0.95) (end 1.85 0.95) (layer F.CrtYd) (width 0.05))
    (fp_line (start 1.85 0.95) (end -1.85 0.95) (layer F.CrtYd) (width 0.05))
    (fp_text user %R (at 0 0 270) (layer F.Fab)
      (effects (font (size 0.5 0.5) (thickness 0.08)))
    )
    (pad 1 smd roundrect (at -1.025 0 270) (size 1.15 1.4) (layers F.Cu F.Paste F.Mask) (roundrect_rratio 0.217391)
      (net 123 /ADC_BATT2))
    (pad 2 smd roundrect (at 1.025 0 270) (size 1.15 1.4) (layers F.Cu F.Paste F.Mask) (roundrect_rratio 0.217391)
      (net 7 GND))
    (model ${KISYS3DMOD}/Capacitor_SMD.3dshapes/C_0805_2012Metric.wrl
      (at (xyz 0 0 0))
      (scale (xyz 1 1 1))
      (rotate (xyz 0 0 0))
    )
  )

  (module Package_TO_SOT_THT:TO-92_Inline (layer F.Cu) (tedit 5A1DD157) (tstamp 5DF85F8F)
    (at 93.345 44.08 180)
    (descr "TO-92 leads in-line, narrow, oval pads, drill 0.75mm (see NXP sot054_po.pdf)")
    (tags "to-92 sc-43 sc-43a sot54 PA33 transistor")
    (path /5E1CC4BA)
    (fp_text reference QNPN2 (at -2.54 -0.88 270) (layer F.SilkS)
      (effects (font (size 1 1) (thickness 0.15)))
    )
    (fp_text value S8050 (at 1.27 2.79 180) (layer F.Fab)
      (effects (font (size 1 1) (thickness 0.15)))
    )
    (fp_arc (start 1.27 0) (end 1.27 -2.6) (angle 135) (layer F.SilkS) (width 0.12))
    (fp_arc (start 1.27 0) (end 1.27 -2.48) (angle -135) (layer F.Fab) (width 0.1))
    (fp_arc (start 1.27 0) (end 1.27 -2.6) (angle -135) (layer F.SilkS) (width 0.12))
    (fp_arc (start 1.27 0) (end 1.27 -2.48) (angle 135) (layer F.Fab) (width 0.1))
    (fp_line (start 4 2.01) (end -1.46 2.01) (layer F.CrtYd) (width 0.05))
    (fp_line (start 4 2.01) (end 4 -2.73) (layer F.CrtYd) (width 0.05))
    (fp_line (start -1.46 -2.73) (end -1.46 2.01) (layer F.CrtYd) (width 0.05))
    (fp_line (start -1.46 -2.73) (end 4 -2.73) (layer F.CrtYd) (width 0.05))
    (fp_line (start -0.5 1.75) (end 3 1.75) (layer F.Fab) (width 0.1))
    (fp_line (start -0.53 1.85) (end 3.07 1.85) (layer F.SilkS) (width 0.12))
    (fp_text user %R (at 1.27 -3.56 180) (layer F.Fab)
      (effects (font (size 1 1) (thickness 0.15)))
    )
    (pad 1 thru_hole rect (at 0 0 180) (size 1.05 1.5) (drill 0.75) (layers *.Cu *.Mask)
      (net 7 GND))
    (pad 3 thru_hole oval (at 2.54 0 180) (size 1.05 1.5) (drill 0.75) (layers *.Cu *.Mask)
      (net 116 "Net-(QNPN2-Pad3)"))
    (pad 2 thru_hole oval (at 1.27 0 180) (size 1.05 1.5) (drill 0.75) (layers *.Cu *.Mask)
      (net 119 "Net-(QNPN2-Pad2)"))
    (model ${KISYS3DMOD}/Package_TO_SOT_THT.3dshapes/TO-92_Inline.wrl
      (at (xyz 0 0 0))
      (scale (xyz 1 1 1))
      (rotate (xyz 0 0 0))
    )
  )

  (module Resistor_SMD:R_0805_2012Metric_Pad1.15x1.40mm_HandSolder (layer F.Cu) (tedit 5B36C52B) (tstamp 5DF8917C)
    (at 88.9 39 270)
    (descr "Resistor SMD 0805 (2012 Metric), square (rectangular) end terminal, IPC_7351 nominal with elongated pad for handsoldering. (Body size source: https://docs.google.com/spreadsheets/d/1BsfQQcO9C6DZCsRaXUlFlo91Tg2WpOkGARC1WS5S8t0/edit?usp=sharing), generated with kicad-footprint-generator")
    (tags "resistor handsolder")
    (path /5E1CC4DD)
    (attr smd)
    (fp_text reference R15 (at -0.0344 -1.6764 270) (layer F.SilkS)
      (effects (font (size 1 1) (thickness 0.15)))
    )
    (fp_text value 2.7k (at 0 1.65 270) (layer F.Fab)
      (effects (font (size 1 1) (thickness 0.15)))
    )
    (fp_line (start -1 0.6) (end -1 -0.6) (layer F.Fab) (width 0.1))
    (fp_line (start -1 -0.6) (end 1 -0.6) (layer F.Fab) (width 0.1))
    (fp_line (start 1 -0.6) (end 1 0.6) (layer F.Fab) (width 0.1))
    (fp_line (start 1 0.6) (end -1 0.6) (layer F.Fab) (width 0.1))
    (fp_line (start -0.261252 -0.71) (end 0.261252 -0.71) (layer F.SilkS) (width 0.12))
    (fp_line (start -0.261252 0.71) (end 0.261252 0.71) (layer F.SilkS) (width 0.12))
    (fp_line (start -1.85 0.95) (end -1.85 -0.95) (layer F.CrtYd) (width 0.05))
    (fp_line (start -1.85 -0.95) (end 1.85 -0.95) (layer F.CrtYd) (width 0.05))
    (fp_line (start 1.85 -0.95) (end 1.85 0.95) (layer F.CrtYd) (width 0.05))
    (fp_line (start 1.85 0.95) (end -1.85 0.95) (layer F.CrtYd) (width 0.05))
    (fp_text user %R (at 0 0 270) (layer F.Fab)
      (effects (font (size 0.5 0.5) (thickness 0.08)))
    )
    (pad 1 smd roundrect (at -1.025 0 270) (size 1.15 1.4) (layers F.Cu F.Paste F.Mask) (roundrect_rratio 0.217391)
      (net 123 /ADC_BATT2))
    (pad 2 smd roundrect (at 1.025 0 270) (size 1.15 1.4) (layers F.Cu F.Paste F.Mask) (roundrect_rratio 0.217391)
      (net 122 "Net-(QPNP2-Pad1)"))
    (model ${KISYS3DMOD}/Resistor_SMD.3dshapes/R_0805_2012Metric.wrl
      (at (xyz 0 0 0))
      (scale (xyz 1 1 1))
      (rotate (xyz 0 0 0))
    )
  )

  (module Resistor_SMD:R_0805_2012Metric_Pad1.15x1.40mm_HandSolder (layer F.Cu) (tedit 5B36C52B) (tstamp 5DF8916C)
    (at 88.9 34.555 90)
    (descr "Resistor SMD 0805 (2012 Metric), square (rectangular) end terminal, IPC_7351 nominal with elongated pad for handsoldering. (Body size source: https://docs.google.com/spreadsheets/d/1BsfQQcO9C6DZCsRaXUlFlo91Tg2WpOkGARC1WS5S8t0/edit?usp=sharing), generated with kicad-footprint-generator")
    (tags "resistor handsolder")
    (path /5DFF2755)
    (attr smd)
    (fp_text reference R14 (at 0.6186 1.6256 90) (layer F.SilkS)
      (effects (font (size 1 1) (thickness 0.15)))
    )
    (fp_text value 10k (at 0 1.65 90) (layer F.Fab)
      (effects (font (size 1 1) (thickness 0.15)))
    )
    (fp_text user %R (at 0 0 90) (layer F.Fab)
      (effects (font (size 0.5 0.5) (thickness 0.08)))
    )
    (fp_line (start 1.85 0.95) (end -1.85 0.95) (layer F.CrtYd) (width 0.05))
    (fp_line (start 1.85 -0.95) (end 1.85 0.95) (layer F.CrtYd) (width 0.05))
    (fp_line (start -1.85 -0.95) (end 1.85 -0.95) (layer F.CrtYd) (width 0.05))
    (fp_line (start -1.85 0.95) (end -1.85 -0.95) (layer F.CrtYd) (width 0.05))
    (fp_line (start -0.261252 0.71) (end 0.261252 0.71) (layer F.SilkS) (width 0.12))
    (fp_line (start -0.261252 -0.71) (end 0.261252 -0.71) (layer F.SilkS) (width 0.12))
    (fp_line (start 1 0.6) (end -1 0.6) (layer F.Fab) (width 0.1))
    (fp_line (start 1 -0.6) (end 1 0.6) (layer F.Fab) (width 0.1))
    (fp_line (start -1 -0.6) (end 1 -0.6) (layer F.Fab) (width 0.1))
    (fp_line (start -1 0.6) (end -1 -0.6) (layer F.Fab) (width 0.1))
    (pad 2 smd roundrect (at 1.025 0 90) (size 1.15 1.4) (layers F.Cu F.Paste F.Mask) (roundrect_rratio 0.217391)
      (net 114 "Net-(QPNP1-Pad1)"))
    (pad 1 smd roundrect (at -1.025 0 90) (size 1.15 1.4) (layers F.Cu F.Paste F.Mask) (roundrect_rratio 0.217391)
      (net 113 /ADC_BATT1))
    (model ${KISYS3DMOD}/Resistor_SMD.3dshapes/R_0805_2012Metric.wrl
      (at (xyz 0 0 0))
      (scale (xyz 1 1 1))
      (rotate (xyz 0 0 0))
    )
  )

  (module Resistor_SMD:R_0805_2012Metric_Pad1.15x1.40mm_HandSolder (layer F.Cu) (tedit 5B36C52B) (tstamp 5DF8915C)
    (at 93.345 34.555 270)
    (descr "Resistor SMD 0805 (2012 Metric), square (rectangular) end terminal, IPC_7351 nominal with elongated pad for handsoldering. (Body size source: https://docs.google.com/spreadsheets/d/1BsfQQcO9C6DZCsRaXUlFlo91Tg2WpOkGARC1WS5S8t0/edit?usp=sharing), generated with kicad-footprint-generator")
    (tags "resistor handsolder")
    (path /5DFCBA11)
    (attr smd)
    (fp_text reference R13 (at 0 -1.5748 270) (layer F.SilkS)
      (effects (font (size 1 1) (thickness 0.15)))
    )
    (fp_text value 6.8k (at 0 1.65 270) (layer F.Fab)
      (effects (font (size 1 1) (thickness 0.15)))
    )
    (fp_line (start -1 0.6) (end -1 -0.6) (layer F.Fab) (width 0.1))
    (fp_line (start -1 -0.6) (end 1 -0.6) (layer F.Fab) (width 0.1))
    (fp_line (start 1 -0.6) (end 1 0.6) (layer F.Fab) (width 0.1))
    (fp_line (start 1 0.6) (end -1 0.6) (layer F.Fab) (width 0.1))
    (fp_line (start -0.261252 -0.71) (end 0.261252 -0.71) (layer F.SilkS) (width 0.12))
    (fp_line (start -0.261252 0.71) (end 0.261252 0.71) (layer F.SilkS) (width 0.12))
    (fp_line (start -1.85 0.95) (end -1.85 -0.95) (layer F.CrtYd) (width 0.05))
    (fp_line (start -1.85 -0.95) (end 1.85 -0.95) (layer F.CrtYd) (width 0.05))
    (fp_line (start 1.85 -0.95) (end 1.85 0.95) (layer F.CrtYd) (width 0.05))
    (fp_line (start 1.85 0.95) (end -1.85 0.95) (layer F.CrtYd) (width 0.05))
    (fp_text user %R (at 0 0 270) (layer F.Fab)
      (effects (font (size 0.5 0.5) (thickness 0.08)))
    )
    (pad 1 smd roundrect (at -1.025 0 270) (size 1.15 1.4) (layers F.Cu F.Paste F.Mask) (roundrect_rratio 0.217391)
      (net 7 GND))
    (pad 2 smd roundrect (at 1.025 0 270) (size 1.15 1.4) (layers F.Cu F.Paste F.Mask) (roundrect_rratio 0.217391)
      (net 113 /ADC_BATT1))
    (model ${KISYS3DMOD}/Resistor_SMD.3dshapes/R_0805_2012Metric.wrl
      (at (xyz 0 0 0))
      (scale (xyz 1 1 1))
      (rotate (xyz 0 0 0))
    )
  )

  (module Resistor_SMD:R_0805_2012Metric_Pad1.15x1.40mm_HandSolder (layer F.Cu) (tedit 5B36C52B) (tstamp 5DF8914C)
    (at 87.63 47.89)
    (descr "Resistor SMD 0805 (2012 Metric), square (rectangular) end terminal, IPC_7351 nominal with elongated pad for handsoldering. (Body size source: https://docs.google.com/spreadsheets/d/1BsfQQcO9C6DZCsRaXUlFlo91Tg2WpOkGARC1WS5S8t0/edit?usp=sharing), generated with kicad-footprint-generator")
    (tags "resistor handsolder")
    (path /5E1CC4C8)
    (attr smd)
    (fp_text reference R12 (at -0.635 1.515) (layer F.SilkS)
      (effects (font (size 1 1) (thickness 0.15)))
    )
    (fp_text value 4.7k (at 0 1.65) (layer F.Fab)
      (effects (font (size 1 1) (thickness 0.15)))
    )
    (fp_text user %R (at 0 0) (layer F.Fab)
      (effects (font (size 0.5 0.5) (thickness 0.08)))
    )
    (fp_line (start 1.85 0.95) (end -1.85 0.95) (layer F.CrtYd) (width 0.05))
    (fp_line (start 1.85 -0.95) (end 1.85 0.95) (layer F.CrtYd) (width 0.05))
    (fp_line (start -1.85 -0.95) (end 1.85 -0.95) (layer F.CrtYd) (width 0.05))
    (fp_line (start -1.85 0.95) (end -1.85 -0.95) (layer F.CrtYd) (width 0.05))
    (fp_line (start -0.261252 0.71) (end 0.261252 0.71) (layer F.SilkS) (width 0.12))
    (fp_line (start -0.261252 -0.71) (end 0.261252 -0.71) (layer F.SilkS) (width 0.12))
    (fp_line (start 1 0.6) (end -1 0.6) (layer F.Fab) (width 0.1))
    (fp_line (start 1 -0.6) (end 1 0.6) (layer F.Fab) (width 0.1))
    (fp_line (start -1 -0.6) (end 1 -0.6) (layer F.Fab) (width 0.1))
    (fp_line (start -1 0.6) (end -1 -0.6) (layer F.Fab) (width 0.1))
    (pad 2 smd roundrect (at 1.025 0) (size 1.15 1.4) (layers F.Cu F.Paste F.Mask) (roundrect_rratio 0.217391)
      (net 116 "Net-(QNPN2-Pad3)"))
    (pad 1 smd roundrect (at -1.025 0) (size 1.15 1.4) (layers F.Cu F.Paste F.Mask) (roundrect_rratio 0.217391)
      (net 115 "Net-(QPNP2-Pad2)"))
    (model ${KISYS3DMOD}/Resistor_SMD.3dshapes/R_0805_2012Metric.wrl
      (at (xyz 0 0 0))
      (scale (xyz 1 1 1))
      (rotate (xyz 0 0 0))
    )
  )

  (module Resistor_SMD:R_0805_2012Metric_Pad1.15x1.40mm_HandSolder (layer F.Cu) (tedit 5B36C52B) (tstamp 5DF8913C)
    (at 87.63 26.935)
    (descr "Resistor SMD 0805 (2012 Metric), square (rectangular) end terminal, IPC_7351 nominal with elongated pad for handsoldering. (Body size source: https://docs.google.com/spreadsheets/d/1BsfQQcO9C6DZCsRaXUlFlo91Tg2WpOkGARC1WS5S8t0/edit?usp=sharing), generated with kicad-footprint-generator")
    (tags "resistor handsolder")
    (path /5DF6A352)
    (attr smd)
    (fp_text reference R11 (at 0 -1.65) (layer F.SilkS)
      (effects (font (size 1 1) (thickness 0.15)))
    )
    (fp_text value 4.7k (at 0 1.65) (layer F.Fab)
      (effects (font (size 1 1) (thickness 0.15)))
    )
    (fp_line (start -1 0.6) (end -1 -0.6) (layer F.Fab) (width 0.1))
    (fp_line (start -1 -0.6) (end 1 -0.6) (layer F.Fab) (width 0.1))
    (fp_line (start 1 -0.6) (end 1 0.6) (layer F.Fab) (width 0.1))
    (fp_line (start 1 0.6) (end -1 0.6) (layer F.Fab) (width 0.1))
    (fp_line (start -0.261252 -0.71) (end 0.261252 -0.71) (layer F.SilkS) (width 0.12))
    (fp_line (start -0.261252 0.71) (end 0.261252 0.71) (layer F.SilkS) (width 0.12))
    (fp_line (start -1.85 0.95) (end -1.85 -0.95) (layer F.CrtYd) (width 0.05))
    (fp_line (start -1.85 -0.95) (end 1.85 -0.95) (layer F.CrtYd) (width 0.05))
    (fp_line (start 1.85 -0.95) (end 1.85 0.95) (layer F.CrtYd) (width 0.05))
    (fp_line (start 1.85 0.95) (end -1.85 0.95) (layer F.CrtYd) (width 0.05))
    (fp_text user %R (at 0 0) (layer F.Fab)
      (effects (font (size 0.5 0.5) (thickness 0.08)))
    )
    (pad 1 smd roundrect (at -1.025 0) (size 1.15 1.4) (layers F.Cu F.Paste F.Mask) (roundrect_rratio 0.217391)
      (net 118 "Net-(QPNP1-Pad2)"))
    (pad 2 smd roundrect (at 1.025 0) (size 1.15 1.4) (layers F.Cu F.Paste F.Mask) (roundrect_rratio 0.217391)
      (net 117 "Net-(QNPN1-Pad3)"))
    (model ${KISYS3DMOD}/Resistor_SMD.3dshapes/R_0805_2012Metric.wrl
      (at (xyz 0 0 0))
      (scale (xyz 1 1 1))
      (rotate (xyz 0 0 0))
    )
  )

  (module Resistor_SMD:R_0805_2012Metric_Pad1.15x1.40mm_HandSolder (layer F.Cu) (tedit 5B36C52B) (tstamp 5DF8912C)
    (at 93.345 26.935)
    (descr "Resistor SMD 0805 (2012 Metric), square (rectangular) end terminal, IPC_7351 nominal with elongated pad for handsoldering. (Body size source: https://docs.google.com/spreadsheets/d/1BsfQQcO9C6DZCsRaXUlFlo91Tg2WpOkGARC1WS5S8t0/edit?usp=sharing), generated with kicad-footprint-generator")
    (tags "resistor handsolder")
    (path /5DFB8237)
    (attr smd)
    (fp_text reference R9 (at 0 -1.65) (layer F.SilkS)
      (effects (font (size 1 1) (thickness 0.15)))
    )
    (fp_text value 4.7k (at 0 1.65) (layer F.Fab)
      (effects (font (size 1 1) (thickness 0.15)))
    )
    (fp_text user %R (at 0 0) (layer F.Fab)
      (effects (font (size 0.5 0.5) (thickness 0.08)))
    )
    (fp_line (start 1.85 0.95) (end -1.85 0.95) (layer F.CrtYd) (width 0.05))
    (fp_line (start 1.85 -0.95) (end 1.85 0.95) (layer F.CrtYd) (width 0.05))
    (fp_line (start -1.85 -0.95) (end 1.85 -0.95) (layer F.CrtYd) (width 0.05))
    (fp_line (start -1.85 0.95) (end -1.85 -0.95) (layer F.CrtYd) (width 0.05))
    (fp_line (start -0.261252 0.71) (end 0.261252 0.71) (layer F.SilkS) (width 0.12))
    (fp_line (start -0.261252 -0.71) (end 0.261252 -0.71) (layer F.SilkS) (width 0.12))
    (fp_line (start 1 0.6) (end -1 0.6) (layer F.Fab) (width 0.1))
    (fp_line (start 1 -0.6) (end 1 0.6) (layer F.Fab) (width 0.1))
    (fp_line (start -1 -0.6) (end 1 -0.6) (layer F.Fab) (width 0.1))
    (fp_line (start -1 0.6) (end -1 -0.6) (layer F.Fab) (width 0.1))
    (pad 2 smd roundrect (at 1.025 0) (size 1.15 1.4) (layers F.Cu F.Paste F.Mask) (roundrect_rratio 0.217391)
      (net 120 /BATT_EN))
    (pad 1 smd roundrect (at -1.025 0) (size 1.15 1.4) (layers F.Cu F.Paste F.Mask) (roundrect_rratio 0.217391)
      (net 121 "Net-(QNPN1-Pad2)"))
    (model ${KISYS3DMOD}/Resistor_SMD.3dshapes/R_0805_2012Metric.wrl
      (at (xyz 0 0 0))
      (scale (xyz 1 1 1))
      (rotate (xyz 0 0 0))
    )
  )

  (module Resistor_SMD:R_0805_2012Metric_Pad1.15x1.40mm_HandSolder (layer F.Cu) (tedit 5B36C52B) (tstamp 5DF8903C)
    (at 93.345 47.89)
    (descr "Resistor SMD 0805 (2012 Metric), square (rectangular) end terminal, IPC_7351 nominal with elongated pad for handsoldering. (Body size source: https://docs.google.com/spreadsheets/d/1BsfQQcO9C6DZCsRaXUlFlo91Tg2WpOkGARC1WS5S8t0/edit?usp=sharing), generated with kicad-footprint-generator")
    (tags "resistor handsolder")
    (path /5E1CC4CF)
    (attr smd)
    (fp_text reference R10 (at 0 1.515) (layer F.SilkS)
      (effects (font (size 1 1) (thickness 0.15)))
    )
    (fp_text value 4.7k (at 0 1.65) (layer F.Fab)
      (effects (font (size 1 1) (thickness 0.15)))
    )
    (fp_line (start -1 0.6) (end -1 -0.6) (layer F.Fab) (width 0.1))
    (fp_line (start -1 -0.6) (end 1 -0.6) (layer F.Fab) (width 0.1))
    (fp_line (start 1 -0.6) (end 1 0.6) (layer F.Fab) (width 0.1))
    (fp_line (start 1 0.6) (end -1 0.6) (layer F.Fab) (width 0.1))
    (fp_line (start -0.261252 -0.71) (end 0.261252 -0.71) (layer F.SilkS) (width 0.12))
    (fp_line (start -0.261252 0.71) (end 0.261252 0.71) (layer F.SilkS) (width 0.12))
    (fp_line (start -1.85 0.95) (end -1.85 -0.95) (layer F.CrtYd) (width 0.05))
    (fp_line (start -1.85 -0.95) (end 1.85 -0.95) (layer F.CrtYd) (width 0.05))
    (fp_line (start 1.85 -0.95) (end 1.85 0.95) (layer F.CrtYd) (width 0.05))
    (fp_line (start 1.85 0.95) (end -1.85 0.95) (layer F.CrtYd) (width 0.05))
    (fp_text user %R (at 0 0) (layer F.Fab)
      (effects (font (size 0.5 0.5) (thickness 0.08)))
    )
    (pad 1 smd roundrect (at -1.025 0) (size 1.15 1.4) (layers F.Cu F.Paste F.Mask) (roundrect_rratio 0.217391)
      (net 119 "Net-(QNPN2-Pad2)"))
    (pad 2 smd roundrect (at 1.025 0) (size 1.15 1.4) (layers F.Cu F.Paste F.Mask) (roundrect_rratio 0.217391)
      (net 120 /BATT_EN))
    (model ${KISYS3DMOD}/Resistor_SMD.3dshapes/R_0805_2012Metric.wrl
      (at (xyz 0 0 0))
      (scale (xyz 1 1 1))
      (rotate (xyz 0 0 0))
    )
  )

  (module Connector_JST:JST_EH_B02B-EH-A_1x02_P2.50mm_Vertical (layer F.Cu) (tedit 5B772AC7) (tstamp 5DF86647)
    (at 85.09 36.46 270)
    (descr "JST EH series connector, B02B-EH-A (http://www.jst-mfg.com/product/pdf/eng/eEH.pdf), generated with kicad-footprint-generator")
    (tags "connector JST EH side entry")
    (path /5E1FB7B1)
    (fp_text reference JBattery1 (at 1.2356 -2.413 270) (layer F.SilkS)
      (effects (font (size 1 1) (thickness 0.15)))
    )
    (fp_text value Conn_01x02 (at 1.25 3.4 270) (layer F.Fab)
      (effects (font (size 1 1) (thickness 0.15)))
    )
    (fp_line (start -2.5 -1.6) (end -2.5 2.2) (layer F.Fab) (width 0.1))
    (fp_line (start -2.5 2.2) (end 5 2.2) (layer F.Fab) (width 0.1))
    (fp_line (start 5 2.2) (end 5 -1.6) (layer F.Fab) (width 0.1))
    (fp_line (start 5 -1.6) (end -2.5 -1.6) (layer F.Fab) (width 0.1))
    (fp_line (start -3 -2.1) (end -3 2.7) (layer F.CrtYd) (width 0.05))
    (fp_line (start -3 2.7) (end 5.5 2.7) (layer F.CrtYd) (width 0.05))
    (fp_line (start 5.5 2.7) (end 5.5 -2.1) (layer F.CrtYd) (width 0.05))
    (fp_line (start 5.5 -2.1) (end -3 -2.1) (layer F.CrtYd) (width 0.05))
    (fp_line (start -2.61 -1.71) (end -2.61 2.31) (layer F.SilkS) (width 0.12))
    (fp_line (start -2.61 2.31) (end 5.11 2.31) (layer F.SilkS) (width 0.12))
    (fp_line (start 5.11 2.31) (end 5.11 -1.71) (layer F.SilkS) (width 0.12))
    (fp_line (start 5.11 -1.71) (end -2.61 -1.71) (layer F.SilkS) (width 0.12))
    (fp_line (start -2.61 0) (end -2.11 0) (layer F.SilkS) (width 0.12))
    (fp_line (start -2.11 0) (end -2.11 -1.21) (layer F.SilkS) (width 0.12))
    (fp_line (start -2.11 -1.21) (end 4.61 -1.21) (layer F.SilkS) (width 0.12))
    (fp_line (start 4.61 -1.21) (end 4.61 0) (layer F.SilkS) (width 0.12))
    (fp_line (start 4.61 0) (end 5.11 0) (layer F.SilkS) (width 0.12))
    (fp_line (start -2.61 0.81) (end -1.61 0.81) (layer F.SilkS) (width 0.12))
    (fp_line (start -1.61 0.81) (end -1.61 2.31) (layer F.SilkS) (width 0.12))
    (fp_line (start 5.11 0.81) (end 4.11 0.81) (layer F.SilkS) (width 0.12))
    (fp_line (start 4.11 0.81) (end 4.11 2.31) (layer F.SilkS) (width 0.12))
    (fp_line (start -2.91 0.11) (end -2.91 2.61) (layer F.SilkS) (width 0.12))
    (fp_line (start -2.91 2.61) (end -0.41 2.61) (layer F.SilkS) (width 0.12))
    (fp_line (start -2.91 0.11) (end -2.91 2.61) (layer F.Fab) (width 0.1))
    (fp_line (start -2.91 2.61) (end -0.41 2.61) (layer F.Fab) (width 0.1))
    (fp_text user %R (at 1.25 1.5 270) (layer F.Fab)
      (effects (font (size 1 1) (thickness 0.15)))
    )
    (pad 1 thru_hole roundrect (at 0 0 270) (size 1.7 2) (drill 1) (layers *.Cu *.Mask) (roundrect_rratio 0.147059)
      (net 125 "Net-(JBattery1-Pad1)"))
    (pad 2 thru_hole oval (at 2.5 0 270) (size 1.7 2) (drill 1) (layers *.Cu *.Mask)
      (net 124 "Net-(JBattery1-Pad2)"))
    (model ${KISYS3DMOD}/Connector_JST.3dshapes/JST_EH_B02B-EH-A_1x02_P2.50mm_Vertical.wrl
      (at (xyz 0 0 0))
      (scale (xyz 1 1 1))
      (rotate (xyz 0 0 0))
    )
  )

  (module Package_TO_SOT_THT:TO-92_Inline (layer F.Cu) (tedit 5A1DD157) (tstamp 5DF85F7D)
    (at 87.63 30.11 180)
    (descr "TO-92 leads in-line, narrow, oval pads, drill 0.75mm (see NXP sot054_po.pdf)")
    (tags "to-92 sc-43 sc-43a sot54 PA33 transistor")
    (path /5DF43C60)
    (fp_text reference QPNP1 (at 2.54 4.835 270) (layer F.SilkS)
      (effects (font (size 1 1) (thickness 0.15)))
    )
    (fp_text value S8550 (at 1.27 2.79 180) (layer F.Fab)
      (effects (font (size 1 1) (thickness 0.15)))
    )
    (fp_text user %R (at 1.27 -3.56 180) (layer F.Fab)
      (effects (font (size 1 1) (thickness 0.15)))
    )
    (fp_line (start -0.53 1.85) (end 3.07 1.85) (layer F.SilkS) (width 0.12))
    (fp_line (start -0.5 1.75) (end 3 1.75) (layer F.Fab) (width 0.1))
    (fp_line (start -1.46 -2.73) (end 4 -2.73) (layer F.CrtYd) (width 0.05))
    (fp_line (start -1.46 -2.73) (end -1.46 2.01) (layer F.CrtYd) (width 0.05))
    (fp_line (start 4 2.01) (end 4 -2.73) (layer F.CrtYd) (width 0.05))
    (fp_line (start 4 2.01) (end -1.46 2.01) (layer F.CrtYd) (width 0.05))
    (fp_arc (start 1.27 0) (end 1.27 -2.48) (angle 135) (layer F.Fab) (width 0.1))
    (fp_arc (start 1.27 0) (end 1.27 -2.6) (angle -135) (layer F.SilkS) (width 0.12))
    (fp_arc (start 1.27 0) (end 1.27 -2.48) (angle -135) (layer F.Fab) (width 0.1))
    (fp_arc (start 1.27 0) (end 1.27 -2.6) (angle 135) (layer F.SilkS) (width 0.12))
    (pad 2 thru_hole oval (at 1.27 0 180) (size 1.05 1.5) (drill 0.75) (layers *.Cu *.Mask)
      (net 118 "Net-(QPNP1-Pad2)"))
    (pad 3 thru_hole oval (at 2.54 0 180) (size 1.05 1.5) (drill 0.75) (layers *.Cu *.Mask)
      (net 125 "Net-(JBattery1-Pad1)"))
    (pad 1 thru_hole rect (at 0 0 180) (size 1.05 1.5) (drill 0.75) (layers *.Cu *.Mask)
      (net 114 "Net-(QPNP1-Pad1)"))
    (model ${KISYS3DMOD}/Package_TO_SOT_THT.3dshapes/TO-92_Inline.wrl
      (at (xyz 0 0 0))
      (scale (xyz 1 1 1))
      (rotate (xyz 0 0 0))
    )
  )

  (module Package_TO_SOT_THT:TO-92_Inline (layer F.Cu) (tedit 5A1DD157) (tstamp 5DF85F6B)
    (at 87.63 44.08 180)
    (descr "TO-92 leads in-line, narrow, oval pads, drill 0.75mm (see NXP sot054_po.pdf)")
    (tags "to-92 sc-43 sc-43a sot54 PA33 transistor")
    (path /5E1CC4C1)
    (fp_text reference QPNP2 (at 3.81 -4.055 270) (layer F.SilkS)
      (effects (font (size 1 1) (thickness 0.15)))
    )
    (fp_text value S8550 (at 1.27 2.79 180) (layer F.Fab)
      (effects (font (size 1 1) (thickness 0.15)))
    )
    (fp_arc (start 1.27 0) (end 1.27 -2.6) (angle 135) (layer F.SilkS) (width 0.12))
    (fp_arc (start 1.27 0) (end 1.27 -2.48) (angle -135) (layer F.Fab) (width 0.1))
    (fp_arc (start 1.27 0) (end 1.27 -2.6) (angle -135) (layer F.SilkS) (width 0.12))
    (fp_arc (start 1.27 0) (end 1.27 -2.48) (angle 135) (layer F.Fab) (width 0.1))
    (fp_line (start 4 2.01) (end -1.46 2.01) (layer F.CrtYd) (width 0.05))
    (fp_line (start 4 2.01) (end 4 -2.73) (layer F.CrtYd) (width 0.05))
    (fp_line (start -1.46 -2.73) (end -1.46 2.01) (layer F.CrtYd) (width 0.05))
    (fp_line (start -1.46 -2.73) (end 4 -2.73) (layer F.CrtYd) (width 0.05))
    (fp_line (start -0.5 1.75) (end 3 1.75) (layer F.Fab) (width 0.1))
    (fp_line (start -0.53 1.85) (end 3.07 1.85) (layer F.SilkS) (width 0.12))
    (fp_text user %R (at 1.27 -3.56 180) (layer F.Fab)
      (effects (font (size 1 1) (thickness 0.15)))
    )
    (pad 1 thru_hole rect (at 0 0 180) (size 1.05 1.5) (drill 0.75) (layers *.Cu *.Mask)
      (net 122 "Net-(QPNP2-Pad1)"))
    (pad 3 thru_hole oval (at 2.54 0 180) (size 1.05 1.5) (drill 0.75) (layers *.Cu *.Mask)
      (net 124 "Net-(JBattery1-Pad2)"))
    (pad 2 thru_hole oval (at 1.27 0 180) (size 1.05 1.5) (drill 0.75) (layers *.Cu *.Mask)
      (net 115 "Net-(QPNP2-Pad2)"))
    (model ${KISYS3DMOD}/Package_TO_SOT_THT.3dshapes/TO-92_Inline.wrl
      (at (xyz 0 0 0))
      (scale (xyz 1 1 1))
      (rotate (xyz 0 0 0))
    )
  )

  (module Package_TO_SOT_THT:TO-92_Inline (layer F.Cu) (tedit 5A1DD157) (tstamp 5DF85F59)
    (at 93.345 30.11 180)
    (descr "TO-92 leads in-line, narrow, oval pads, drill 0.75mm (see NXP sot054_po.pdf)")
    (tags "to-92 sc-43 sc-43a sot54 PA33 transistor")
    (path /5DF43B80)
    (fp_text reference QNPN1 (at -3.7338 -1.9976 180) (layer F.SilkS)
      (effects (font (size 1 1) (thickness 0.15)))
    )
